0 0
0 372
0 744
0 1116
0 1488
0 1860
0 2232
0 2604
0 2976
0 3348
0 3720
0 4092
0 4464
0 4836
0 5208
0 5580
0 5952
0 6324
0 6696
0 7068
0 7440
0 7812
0 8184
0 8556
0 8928
0 9300
0 9672
0 10044
0 10416
0 10788
0 11160
0 11532
0 11904
0 12276
0 12648
0 13020
0 13392
0 13764
0 14136
0 14508
0 14880
0 15252
0 15624
0 15996
0 16368
0 16740
0 17112
0 17484
0 17856
0 18228
0 18600
0 18972
0 19344
0 19716
0 20088
0 20460
0 20832
0 21204
0 21576
0 21948
0 22320
0 22692
0 23064
0 23436
0 23808
0 24180
0 24552
0 24924
0 25296
0 25668
0 26040
0 26412
0 26784
0 27156
0 27528
0 27900
0 28272
0 28644
0 29016
0 29388
0 29760
0 30132
0 30504
0 30876
0 31248
0 31620
0 31992
0 32364
0 32736
0 33108
0 33480
0 33852
0 34224
0 34596
0 34968
0 35340
0 35712
0 36084
0 36456
0 36828
0 37200
0 37572
0 37944
0 38316
0 38688
0 39060
0 39432
0 39804
0 40176
0 40548
0 40920
0 41292
0 41664
0 42036
0 42408
0 42780
0 43152
0 43524
0 43896
0 44268
0 44640
0 45012
0 45384
0 45756
0 46128
0 46500
0 46872
0 47244
0 47616
0 47988
0 48360
0 48732
0 49104
0 49476
0 49848
0 50220
0 50592
0 50964
0 51336
0 51708
0 52080
0 52452
0 52824
0 53196
0 53568
0 53940
0 54312
0 54684
0 55056
0 55428
0 55800
0 56172
0 56544
0 56916
0 57288
0 57660
